UO出品/怀旧冰宫         3       315     342      怀旧冰宫      0  	218   	0   	0   	0
UO出品/招财进宝         3       331     320      招财进宝      0  	27   	0   	0   	0
招兵买马          3      322 324   招兵买马          0	      49	0	0	0
祖玛阁        3        333   320   迷踪阵        0   10    0   0   0   0   0   0   
;游戏活动        3        323   323   ≮游戏活动≯        0   10    0   0   0   0   0   0   
;六道轮回		3	321	334	六道轮回(限时)	0	221	0	0	0
特殊服务	3	334	340	万能服务员    0	      8  	0	0	0
;批发中心        3       339     343   药王李时珍        0  10  1  0	0	0
道神制造/奖励领取        GZZC	20	 23	奖励领取         0  15  1  0	0	0
道神制造/交易市场          3      337 320   交易市场          0	      10	0	0	0
道神制造/武林争霸          3       325     320   武林争霸          0	      26	0	0	0
;终极之地1	3	340	340	新手天堂	0       29   	0   	0   	0
;【飞翔制作】/称霸江湖	3	328     340	称霸江湖	  0       29   	0   	0   	0

;【飞翔制作】/个人副本任务	3       340	340  	≮个人副本≯  	 	0   	12   	0   	0   	0   	3   	1000   	0

富翁排名榜      3       344     341     充值回馈      0	210	0	0	0
地狱老人	3	315   335	复古神塔		0	218	0	0	0	3

;系统猜点      3       324	340     赌博系统      0       77       0	0	0	0

;金刚石副本1 	3	316     332	[青龙副本]\青龙大殿     0       74   	0   	0   	0
;金刚石副本2 	3	314     334	[白虎副本]\白虎大殿     0       74   	0   	0   	0
;金刚石副本3 	3	316     336	[朱雀副本]\朱雀大殿     0       74   	0   	0   	0
;金刚石副本4 	3	318     334	[玄武副本]\玄武大殿     0       74   	0   	0   	0

;碎片专爆 	3	317     329	≮积分专爆≯     0       217   	0   	0   	0
;魔符合成        3	320     324	≮魔符合成≯     0	 214    0   	0   	0


技能补偿     3 	326	324   技能补偿	             0	15  0	0  0  3  2000  0
;强化猪八	3	328	320	≮深渊战场≯\	0       95   	0   	0   	0
;调用文件	地图	X	Y	人物姓名	数量	代码	刷新时间
比奇城/屠夫	0102	9	7	屠夫	0	11	0
比奇城/屠夫	0	313	271	屠夫	0	4	0
比奇城/卫家店	0103	19	18	卫家店	0	1	0
比奇城/铁匠铺	0	302	219	铁匠铺老板	0	0	0
比奇城/安家布衣	0106	19	6	安家布衣	0	7	0
比奇城/赖家	0108	7	7	赖家店老板	0	1	0
比奇城/夏家	0	324	291	夏家店老板	0	5	0
比奇城/杳水	0109	4	8	杳水店老板	0	9	0
比奇城/陈家铺子	0104	5	8	陈家铺子老板	0	2	0
比奇城/书店	0	325	250	书店老板	0	2	0
比奇城/麦家铺子	0125	8	6	麦家铺子	0	9	0
比奇城/仓库	0	301	257	仓库保管员	0	12	0
比奇城/杂货	0	378	298	杂货铺老板	0	3	0
比奇城/戒指店	0105	18	6	戒指店老板	0	4	0
比奇城/手镯店	0105	12	12	手镯店老板	0	5	0
比奇城/项链店	0105	6	18	项链店老板	0	6	0
比奇城/比齐_海兵	0	106	415	比奇海兵	0	1	0
银杏新人村/许家店	0119	10	11	许家店	0	1	0
银杏新人村/药房	0119	14	14	药房小老板	0	9	0
银杏新人村/陈家铺	0	643	611	陈家铺老板	0	3	0
银杏新人村/精武馆	0	649	602	精武馆老板	0	0	0
银杏新人村/高家店	0	643	601	高家店老板	0	7	0
银杏新人村/屠夫	0	649	591	屠夫	0	11	0
银杏新人村/廖家店	0	621	642	廖家店老板	0	6	0
比奇村/边界村小店	0	291	610	边界村小店老板	0	1	0
比奇村/铁匠铺	0	297	612	铁匠铺老板	0	0	0
比奇村/屠夫	0	293	603	屠夫	0	11	0
比奇村/白家服装	0	305	607	白家服装老板	0	7	0
比奇村/书店	0132	5	18	书店老板	0	2	0
比奇村/仓库	0140	8	9	仓库保管员	0	9	0
比奇村/戒指店	0141	23	23	戒指店老板	0	4	0
比奇村/手镯店	0141	16	16	手镯店老板	0	5	0
比奇村/项链店	0141	10	10	项链店老板	0	6	0
特殊/商人	1	314	72	铁匠	0	0	0
特殊/商人	1	309	81	商人	0	4	0
特殊/老人	1	235	305	老人	0	9	0
特殊/老人1	1	96	290	老人	0	3	0
特殊/高级武士	0114	14	9	高级武士	0	3	0
特殊/高级武士	01141	14	9	高级武士	0	3	0
特殊/高级武士	01142	11	10	高级武士	0	3	0
特殊/高级道士	0113	7	5	高级道士	0	3	0
特殊/高级道士	01132	11	10	高级道士	0	3	0
特殊/高级魔法师	01152	11	10	高级魔法师	0	3	0
毒蛇山谷/朴铁匠	0120	7	8	朴铁匠	0	0	0
毒蛇山谷/铁匠	2	518	492	铁匠	0	0	0
毒蛇山谷/薄家药	0117	4	10	薄家药铺老板	0	1	0
毒蛇山谷/药铺	2	505	497	药铺老板	0	1	0
毒蛇山谷/罗家铺子	2	505	479	罗家铺子老板	0	3	0
毒蛇山谷/米家服装	2	517	477	米家服装老板	0	7	0
毒蛇山谷/仓库	2	517	466	仓库保管员	0	12	0
盟重土城/仓库	0145	9	12	仓库保管员	0	12	0
盟重土城/悦来客栈	3	305	373	悦来客栈老板	0	12	0
盟重土城/张家布衣	0149	23	20	张家布衣老板	0	7	0
盟重土城/手套店	0149	11	18	手套店老板	0	4	0
盟重土城/老张头盔店	0149	8	5	老张头盔店	0	5	0
盟重土城/铁匠铺	0159	5	9	铁匠铺老板	0	0	0
盟重土城/罗家铺子	0160	5	8	罗家铺子老板	0	1	0
盟重土城/戒指店	0158	11	16	戒指店老板	0	5	0
盟重土城/手镯店	0158	16	11	手镯店老板	0	6	0
盟重土城/项链店	0158	4	21	项链店老板	0	4	0
盟重土城/流浪汉	3	347	334	流浪汉	0	3	0
盟重土城/屠夫	3	355	329	屠夫	0	11	0
盟重土城/药店	3	361	335	药店老板	0	1	0
盟重土城/书店	0161	11	16	书店老板	0	2	0
盟重土城/网络文明	3	297	302	网络文明宣传员	0	5	0
盟重土城/林小姐	0148	10	9	林小姐	0	13	0
盟重土城/彩票员	3	284	343	彩票员	0	3	0
盟重土城/彩票员1	0	298	317	彩票员	0	3	0
沙巴克/屠夫	3	659	301	屠夫	0	1	1
沙巴克/铁匠铺	0151	3	19	铁匠铺老板	0	0	1
沙巴克/武器铺	0151	7	14	武器铺老板	0	0	1
沙巴克/布衣店	0155	13	7	布衣店老板	0	7	1
沙巴克/头盔店	0155	9	11	头盔店老板	0	5	1
沙巴克/炼药	0153	7	14	炼药老板	0	9	1
沙巴克/药店	0153	14	7	药店	0	1	1
沙巴克/仓库	0152	7	12	仓库管理员	0	12	1
沙巴克/小贩	3	663	304	小贩	0	3	1
沙巴克/手镯店	0154	14	7	手镯店老板	0	6	1
沙巴克/项链店	0154	3	18	项链店老板	0	6	1
沙巴克/戒指店	0154	10	15	戒指店老板	0	5	1
沙巴克/炼武器	0151	12	10	炼武器老板	0	0	1	NPC
综合NPC/商人1	0126	10	10	商人	0	9	0
综合NPC/商人2	0152	4	15	商人	0	9	1
综合NPC/商人3	0146	4	11	商人	0	9	0
综合NPC/神秘老人	2	515	464	神秘老人	0	9	0
综合NPC/踏云尊者	0113	8	8	踏云尊者	0	14	0
综合NPC/天虹法师	5	118	366	天虹法师	5	24	0
白日门/武器店	1001	14	12	武器店老板	0	15	0
白日门/杂货店	1007	11	14	杂货店老板	0	17	0
白日门/首饰店	1005	9	11	首饰店老板	0	20	0
白日门/服装店	1003	13	16	服装店老板	0	23	0
白日门/药店	1006	9	10	药店老板	0	22	0
白日门/药剂师	1006	12	7	药剂师	0	25	0
白日门/书店	1004	9	11	书店老板	0	18	0
白日门/仓库	11	184	296	仓库保管员	0	18	0
白日门/天尊	1002	14	13	天尊	0	14	0
封魔谷/沃玛教主	b341	17	22	沃玛教主	0	27	0
封魔谷/恶魔杂货匠	4	255	224	恶魔杂货匠	0	3	0
封魔谷/恶魔屠夫	4	243	187	恶魔屠夫	0	11	0
封魔谷/恶魔铁匠	4	227	223	恶魔铁匠	0	30	0
封魔谷/恶魔首饰店	b344	13	10	恶魔首饰店老板	0	23	0
封魔谷/恶魔保管员	b347	9	10	恶魔保管员	0	39	0
封魔谷/恶魔布店老板	b345	12	10	恶魔布店老板	0	32	0
封魔谷/恶魔学者	b343	5	18	恶魔学者	0	30	0
封魔谷/恶魔炼药师	b343	15	9	恶魔炼药师	0	35	0
封魔谷/恶魔药剂师	b343	9	13	恶魔药剂师	0	28	0
封魔谷/恶魔铁匠铺	b342	14	7	恶魔铁匠铺老板	0	30	0
封魔谷/恶魔修理师	d2008	31	24	恶魔修理师	0	15	0
封魔谷/红娘	M101	29	32	红娘	0	12	0
苍月岛/杂货店	5	143	354	杂货店老板	0	3	0
苍月岛/书店	5	138	311	书店老板	0	2	0
苍月岛/武器店	5	129	306	武器店老板	0	0	0
苍月岛/首饰店	5	155	339	首饰店老板	0	4	0
苍月岛/布料店	5	145	329	布料店老板	0	7	0
苍月岛/仓库保管员	5	126	332	仓库保管员	0	12	0
苍月岛/药店	5	161	314	药店老板	0	9	0
幻境-影之道/幻境_幻境小贩	H003	89	79	幻境小贩	0	3	0	0	0
幻境-影之道/幻境_仓库管理员	H003	80	87	仓库管理员	0	9	0	0	0
幻境-影之道/幻境_幻境小贩	H007	170	170	幻境商贩	0	3	0	0	0
幻境-影之道/幻境_仓库管理员	H007	160	180	仓房管理员	0	9	0	0	0
幻境-影之道/幻境_幻境向导	H003	83	83	幻境向导	0	15	0	0	0
;幻境-影之道/幻境_沙巴克密使	H007	55	75	沙巴克密使	0	12	0	0	0
幻境-影之道/幻境_幻境向导	H102	206	223	幻境引导	0	1	0	0	0
幻境-影之道/影之道_幻境小贩	H203	21	17	幻境商人	0	3	0	0	0	1	1
幻境-影之道/影之道_仓库保管员	H203	18	20	仓库保管处	0	9	0	0	0	1	1
幻境-影之道/影之道_神秘老人	H201	20	94	沙巴克密使	0	9	0	0	0
;--------------------------------------------------------------------------------------------------
魔龙城/魔龙城传送员	6	125	157	魔龙城传送员	0	27	0	0	0
魔龙城/魔龙城杂货店	6	138	154	魔龙城杂货店	0	3	0	0	0
魔龙城/魔龙城药店	6	129	143	魔龙城药店	0	1	0	0	0
魔龙城/魔龙城武器店	6	106	136	魔龙城武器店	0	0	0	0	0
魔龙城/魔龙城首饰店	6	113	126	魔龙城首饰店	0	4	0	0	0
魔龙城/魔龙城仓库	6	94	156	魔龙城仓库	0	5	0	0	0
魔龙城/魔龙城服装店	6	108	162	魔龙城服装店	0	7	0	0	0
;--------------------------------------------------------------------------------------------------
陨落之颠/接待者         zy1     25      26       空间通道      0     96        0
陨落之颠/接待者         zy2     25      26       空间通道      0     96        0
陨落之颠/接待者         zy3     25      26       空间通道      0     96        0
陨落之颠/接待者         zy4     25      26       空间通道      0     96        0
陨落之颠/接待者         zy5     25      26       空间通道      0     96        0
陨落之颠/接待者         zy6     25      26       空间通道      0     96        0
陨落之颠/接待者         zy7     25      26       空间通道      0     96        0
;--------------------------------------------------------------------------------------------------
老兵/传送员_比奇	0	332	267	比奇老兵	0	1	0	0	0
老兵/传送员_土城	3	340	335	盟重传送员	0	8      0       0       0
老兵/传送员_土城	3	340	329	盟重传送员	0	8      0       0       0
老兵/传送员_白日门	11	180	321	老兵	        0	1	0	0	0
老兵/苍月老兵	        5	142	334	苍月老兵	0	1	0	0	0
老兵/封魔谷_恶魔老兵	4	240	199	恶魔老兵	0	9	0	0	0
;老兵/魔龙城老兵   6    125 157 魔龙城老兵 0 27 0 0 0
;--------------------------------------------------------------------------------------------------
地下宫殿/地下宫殿     	3     	340     340  	地下宫殿    		0  	224   	0   	0   	0
地下宫殿/点我刷怪	D515AB1    19 24  点我刷怪         0   15  0
地下宫殿/点我刷怪	D515BA1    19 24  点我刷怪         0   15  0
地下宫殿/点我刷怪	D515AB2    19 24  点我刷怪         0   15  0
地下宫殿/点我刷怪	D515BA2    19 24  点我刷怪         0   15  0
地下宫殿/点我刷怪	D515AB3    19 24  点我刷怪         0   15  0
地下宫殿/点我刷怪	D515BA3    19 24  点我刷怪         0   15  0
地下宫殿/点我刷怪	D515AB4    19 24  点我刷怪         0   15  0
地下宫殿/点我刷怪	D515BA4    19 24  点我刷怪         0   15  0
地下宫殿/点我刷怪	D515AB5    19 24  点我刷怪         0   15  0
地下宫殿/点我刷怪	D515BA5    19 24  点我刷怪         0   15  0
地下宫殿/点我刷怪	D515AB6    19 24  点我刷怪         0   15  0
地下宫殿/点我刷怪	D515BA6    19 24  点我刷怪         0   15  0
地下宫殿/点我刷怪	D515AB7    19 24  点我刷怪         0   15  0
地下宫殿/点我刷怪	D515BA7    19 24  点我刷怪         0   15  0
地下宫殿/点我刷怪	D515AB8    19 24  点我刷怪         0   15  0
地下宫殿/点我刷怪	D515BA8    19 24  点我刷怪         0   15  0
地下宫殿/点我刷怪	D515AB9    19 24  点我刷怪         0   15  0
地下宫殿/点我刷怪	D515BA9    19 24  点我刷怪         0   15  0
地下宫殿/点我刷怪	D515AB10   19 24  点我刷怪         0   15  0
地下宫殿/点我刷怪	D515BA10   19 24  点我刷怪         0   15  0
;--------------------------------------------------------------------------------------------------
十二生肖/十二生肖传送门 	3	322 340	 十二生肖		0	25	0	0	0
十二生肖/生肖使者		shen1	30	72	生肖使者		0	8	0	0	0
十二生肖/生肖使者		shen2	30	72	生肖使者		0	8	0	0	0
十二生肖/生肖使者		shen3	30	72	生肖使者		0	8	0	0	0
十二生肖/生肖使者		shen4	30	72	生肖使者		0	8	0	0	0
十二生肖/生肖使者		shen5	30	72	生肖使者		0	8	0	0	0
十二生肖/生肖使者		shen6	30	72	生肖使者		0	8	0	0	0
十二生肖/生肖使者		shen7	30	72	生肖使者		0	8	0	0	0
十二生肖/生肖使者		shen8	30	72	生肖使者		0	8	0	0	0
十二生肖/生肖使者		shen9	30	72	生肖使者		0	8	0	0	0
十二生肖/生肖使者		shen10	30	72	生肖使者		0	8	0	0	0
十二生肖/生肖使者		shen11	30	72	生肖使者		0	8	0	0	0
;--------------------------------------------------------------------------------------------------
;新添加/行会争霸  	3	330	340	行会争霸	0	15	0
新添加/行会战争 	F003	41	41	行会战争	0	2	0
新添加/赌博/美女服务员	3	325 	340	赌庄胖妞	0	13
;新添加/赌博/美女服务员	pd33	17      35	赌庄胖妞	0	13
新添加/二级密码	        3	331	340	二级密码	0	26	0	0	0
新添加/二级密码	        173hhmima	11	17	帐号二代密保	0	8	0	0
新添加/二级验证	        173hhmima	15	17	二级密码验证	0	8	0	0
新添加/攻沙使者         3       340	322     勇夺沙巴克    0       31      0       0       0
新添加/监狱看守 	jianyu	12      14	监狱看守	0	32	0	0	0
新添加/欧阳天师         houg1   66      66      欧阳天师[任务]  0       203     0	0	0
新添加/四圣兽使 	ssst1	8       33	圣兽使   	0	208	0	0	0
新添加/四圣兽使 	ssst2	8       33	圣兽使   	0	208      0	0	0
;新添加/四圣兽塔 	3	321     340	[元宝副本]\四圣兽塔 	0	71      0	0	0
;新添加/狐月山           3       325     340     [多人副本]\狐月宫殿     0       72      0       0       0
;新添加/萧家三少 	3       329     340     [组队副本]\陨落之巅     0       73      0	0	0
;新添加/守护女神 	3	327     342	[单人副本]\守护女神     0       74   	0   	0   	0
;--------------------------------------------------------------------------------------------------
;UO出品/热血之地         3       326     340     裁决天堂      0       95   	0   	0   	0
;UO出品/热血领地         3       324     340     裁决领地      0       95   	0   	0   	0
;UO出品/热血宫殿         3       322     340     裁决天下      0       95   	0   	0   	0
;UO出品/热血小村         3       320     340     裁决皇朝      0       95   	0   	0   	0
UO出品/强化天堂 	3       319     336 	强化天堂      0  	20  	0   	0   	0
UO出品/绝望山谷 	3       319     320 	绝望山谷      0  	20  	0   	0   	0
UO出品/狂暴魔窟         3       319     328      神秘猪八      0  	27   	0   	0   	0
;UO出品/强化冰窟         3       334     340     复古沃玛      0  	22   	0   	0   	0
;出品/兽人领地         3       336     340     兽人领地      0  	23   	0   	0   	0
;UO出品/君临大殿	        3       319     331 	强化圣地      0       95   	0   	0   	0
;UO出品/终极之地 	3	328	340	深渊王朝      0       26   	0   	0   	0
UO出品/散人天堂         3       319     332     虹魔战场      0  	7   	0   	0   	0
UO出品/群星打宝         3       319     340     群星打宝      0  	7   	0   	0   	0
UO出品/藏剑山庄         3       319     324     会员古墓      0  	7   	0   	0   	0
;UO出品/新手打宝         3       317     335     散人宝阁      0  	6   	0   	0   	0
;UO出品/万能服务员	3	334	340	综合服务生    0	      8  	0	0	0
;武器衣服	3	334	340	≮升级武器衣服≯    0	      8  	0	0	0
;UO出品/幸运之家  	3	330	340	≮幸运之家≯      0	      15  	0	0	0
;UO出品/特殊合成  	3	331	320	巧夺天工      0	      15  	0	0	0
;UO出品/斗破苍穹  	3	317	341	薰儿\斗破苍穹 0	      208  	0	0	0
UO出品/萧晨(萧族)       PJXA	20	22	萧晨(萧族)    0       203	0	0	0
;UO出品/今日土豪         3       325     331     今日土豪榜    0	      91  	0	0	0
UO出品/激情无限  	3	329	320	无间炼狱      0	      23	0	0	0
;真假稻草人              3	331	320	真假稻草人      0	      23	0	0	0
UO出品/武器之地  	3	327	320	武器之地      0	      23	0	0	0
;UO出品/鲜花宝石  	3	319	326	鲜花宝石      0	      22	0	0	0
;UO出品/元宝之地 	3	335	320	送宝之地      0	      21	0	0	0
UO出品/收费修练		3  	333 	331  	收费泡点      0	      70	0	0	0
UO出品/免费修练		3  	327 	331  	免费泡点      0	      70	0	0	0
UO出品/商店传送  	3	324	324	盟重老兵      0       1        0       0        0
;UO出品/任务使者	        3	317	333	任务使者      0	      224      0       0        0
;UO出品/任务使者	        3	342	332	任务使者      0	      224      0       0        0
UO出品/元宝捐赠  	3	328	340	爵位捐献      0	      31       0	0	0
;UO出品/雇佣兵团	        3	328     320	雇佣兵团      0	      98	0	0	0
UO出品/新区冲级奖励     3       337	340     冲级奖励      0	      102       0	0	0
UO出品/天下第一	        3	322	320	天下第一      0	      35      0       0        0
;UO出品/充值礼包	        3	342	341	充值礼包      0	210	0	0	0
;UO出品/首充有礼         3       344	341     ≮首充有礼[免费]≯      0       201       0	0	0
;UO出品/神秘宝箱         3       325	320     神秘宝箱      0       84       0	0	0
;UO出品/龙之传承         3       327     320     羽化飞升      0	      102       0	0	0
;UO出品/转职转性         3       328     340     ≮转职・变性服务≯      0       12       0	0	0
;UO出品/特戒使者         3       341     343     特戒天工      0       207       0	0	0
;UO出品/免费修炼师       pd44    26      16      点我回盟重    0       8        0       0	0   3   1000   0
;UO出品/测试奖励	        pd33	22      31	测试奖励      0	      31	0	0	0
;UO出品/免费修炼师       pd33    13      24      点我回盟重    0       35        0       0	0   3   1000   0
;UO出品/脱机删号处理       pd33    23      16      脱机删号封机器码处理    0       35        0       0	0   3   1000   0
;UO出品/玩家必读       pd33    17      19      玩家必读    0       35        0       0	0   3   1000   0
;UO出品/玩家必读       3    326      324      玩家必读    0	      31	0	0	0
;UO出品/空白名字删号       pd33    22      22      空白名字删号    0       35        0       0	0   3   1000   0
;UO出品/新区冲级奖励     pd33    13      35      冲级奖励      0	      102       0	0	0
;UO出品/特戒使者         pd33    14      31      特戒天工      0       207       0	0	0
;UO出品/充值礼包	        pd33	17	22	充值礼包      0	210	0	0	0
;UO出品/富翁排名榜	        pd33	17	25	充值回馈      0	210	0	0	0
;UO出品/神秘宝箱         pd33    16      31      神秘宝箱      0       90        0       0	0
;UO出品/首充有礼         pd33    16	16      首充有礼[免费]      0       201       0	0	0
;--------------------------------------------------------------------------------------------------
;神龙合成        3       323	320     英雄之城       0       15       0       0       0   3   1000   0
新手接待员	0	292	616	接待员	0	13	0
新手接待员	0	649	625	接待员	0	13	0
;技能强化师 3 342 322  技能强化师 0 15 0
;战神宝阁 3 342 325 战神宝阁 0 15 0
天工精华 f005 47 57 必爆天工精华 0 15 0
;分解装备 3 338 322 分解装备 0 15 0
技能大师        3      335 320   藏经神殿          0  15  1  0	0	0
;强化武器互换         3       340     325     强化衣服互换      0  15  1  0	0	0
;dqpay.net
;人民币兑换         3       333     320     人民币兑换       0  16  1  0	0	0
十八层地图/十八层地图1	shiba1	25	13	复古神塔老人	0  1  1  0	0	0
十八层地图/十八层地图2	shiba2	25	13	复古神塔老人	0  1  1  0	0	0
十八层地图/十八层地图3	shiba3	25	13	复古神塔老人	0  1  1  0	0	0
十八层地图/十八层地图4	shiba4	25	13	复古神塔老人	0  1  1  0	0	0
十八层地图/十八层地图5	shiba5	25	13	复古神塔老人	0  1  1  0	0	0
十八层地图/十八层地图6	shiba6	25	13	复古神塔老人	0  1  1  0	0	0
十八层地图/十八层地图7	shiba7	25	13	复古神塔老人	0  1  1  0	0	0
十八层地图/十八层地图8	shiba8	25	13	复古神塔老人	0  1  1  0	0	0
十八层地图/十八层地图9	shiba9	25	13	复古神塔老人	0  1  1  0	0	0
十八层地图/十八层地图10	shiba10	25	13	复古神塔老人	0  1  1  0	0	0
十八层地图/十八层地图11	shiba11	25	13	复古神塔老人	0  1  1  0	0	0
十八层地图/十八层地图12	shiba12	25	13	复古神塔老人	0  1  1  0	0	0
十八层地图/十八层地图13	shiba13	25	13	复古神塔老人	0  1  1  0	0	0
十八层地图/十八层地图14	shiba14	25	13	复古神塔老人	0  1  1  0	0	0

;UO出品/封魔霸主  	3	316	325	四级神殿      0	     59 	0	0	0

;freenet
元宝充值使者 0 332 264 元宝充值使者  0 12 0
元宝充值使者 3 343 338 元宝充值使者  0 12 0
;endfreenet
